27
0 9890 1515 8730 3309 4791 5431 10013 1251 6952 3584 5669 3542 4219 4801 2317 4346 6486 3864 2115 8109 1341 9660 2991 3643 1965 5424
9890 0 9617 1948 11691 6571 13813 1573 9193 3324 11966 4767 11924 7551 13183 10699 12728 4610 7880 9599 2761 9723 540 8759 7207 9779 6434
1515 9617 0 8457 3316 4518 5438 9740 978 6679 3591 5396 3549 3946 4808 2324 4353 6213 3591 1842 7836 1348 9387 2718 3370 1692 5151
8730 1948 8457 0 10531 5411 12653 2071 8033 2164 10806 3607 10764 6391 12023 9539 11568 3450 6720 8439 1601 8563 1718 7599 6047 8619 5274
3309 11691 3316 10531 0 6592 2506 11814 3052 8753 659 7470 1567 6020 1876 1272 1421 8287 5665 3916 9910 2152 11461 4792 5444 3766 7225
4791 6571 4518 5411 6592 0 8714 6694 4094 3633 6867 2350 6825 2452 8084 5600 7629 3167 2781 4500 4790 4624 6341 3660 2108 4680 2105
5431 13813 5438 12653 2506 8714 0 13936 5174 10875 2471 9592 3689 8142 774 3394 2211 10409 7787 6038 12032 4274 13583 6914 7566 5888 9347
10013 1573 9740 2071 11814 6694 13936 0 9316 3447 12089 4890 12047 7674 13306 10822 12851 4733 8003 9722 2884 9846 1343 8882 7330 9902 6557
1251 9193 978 8033 3052 4094 5174 9316 0 6255 3327 4972 3285 3522 4544 2060 4089 5789 3167 1418 7412 1084 8963 2294 2946 1268 4727
6952 3324 6679 2164 8753 3633 10875 3447 6255 0 9028 1829 8986 4613 10245 7761 9790 1672 4942 6661 1543 6785 3094 5821 4269 6841 3496
3584 11966 3591 10806 659 6867 2471 12089 3327 9028 0 7745 1842 6295 1841 1547 1386 8562 5940 4191 10185 2427 11736 5067 5719 4041 7500
5669 4767 5396 3607 7470 2350 9592 4890 4972 1829 7745 0 7703 3330 8962 6478 8507 1363 3659 5378 2986 5502 4537 4538 2986 5558 2213
3542 11924 3549 10764 1567 6825 3689 12047 3285 8986 1842 7703 0 6253 3059 1505 2604 8520 5898 4149 10143 2385 11694 5025 5677 3999 7458
4219 7551 3946 6391 6020 2452 8142 7674 3522 4613 6295 3330 6253 0 7512 5028 7057 4147 2209 3928 5770 4052 7321 3088 1536 4108 3085
4801 13183 4808 12023 1876 8084 774 13306 4544 10245 1841 8962 3059 7512 0 2764 1581 9779 7157 5408 11402 3644 12953 6284 6936 5258 8717
2317 10699 2324 9539 1272 5600 3394 10822 2060 7761 1547 6478 1505 5028 2764 0 2309 7295 4673 2924 8918 1160 10469 3800 4452 2774 6233
4346 12728 4353 11568 1421 7629 2211 12851 4089 9790 1386 8507 2604 7057 1581 2309 0 9324 6702 4953 10947 3189 12498 5829 6481 4803 8262
6486 4610 6213 3450 8287 3167 10409 4733 5789 1672 8562 1363 8520 4147 9779 7295 9324 0 4476 6195 2829 6319 4380 5355 3803 6375 3030
3864 7880 3591 6720 5665 2781 7787 8003 3167 4942 5940 3659 5898 2209 7157 4673 6702 4476 0 3573 6099 3697 7650 2733 1633 3753 3414
2115 9599 1842 8439 3916 4500 6038 9722 1418 6661 4191 5378 4149 3928 5408 2924 4953 6195 3573 0 7818 1948 9369 2700 3352 2004 5133
8109 2761 7836 1601 9910 4790 12032 2884 7412 1543 10185 2986 10143 5770 11402 8918 10947 2829 6099 7818 0 7942 2531 6978 5426 7998 4653
1341 9723 1348 8563 2152 4624 4274 9846 1084 6785 2427 5502 2385 4052 3644 1160 3189 6319 3697 1948 7942 0 9493 2824 3476 1798 5257
9660 540 9387 1718 11461 6341 13583 1343 8963 3094 11736 4537 11694 7321 12953 10469 12498 4380 7650 9369 2531 9493 0 8529 6977 9549 6204
2991 8759 2718 7599 4792 3660 6914 8882 2294 5821 5067 4538 5025 3088 6284 3800 5829 5355 2733 2700 6978 2824 8529 0 2512 2880 4293
3643 7207 3370 6047 5444 2108 7566 7330 2946 4269 5719 2986 5677 1536 6936 4452 6481 3803 1633 3352 5426 3476 6977 2512 0 3532 2741
1965 9779 1692 8619 3766 4680 5888 9902 1268 6841 4041 5558 3999 4108 5258 2774 4803 6375 3753 2004 7998 1798 9549 2880 3532 0 5313
5424 6434 5151 5274 7225 2105 9347 6557 4727 3496 7500 2213 7458 3085 8717 6233 8262 3030 3414 5133 4653 5257 6204 4293 2741 5313 0
