20
0.00 1.02 1.41 1.13 0.68 1.17 1.44 0.98 0.93 0.87 1.47 1.07 0.90 1.10 1.14 1.02 0.19 1.48 1.25 1.34
1.02 0.00 0.85 0.76 0.86 1.59 0.50 1.17 1.08 1.32 1.33 0.73 0.62 1.51 1.44 0.47 1.40 1.32 1.49 0.68
1.41 0.85 0.00 1.55 1.62 1.39 0.57 1.01 1.38 1.05 1.03 1.39 0.82 0.57 1.03 0.68 1.03 0.81 0.96 0.71
1.13 0.76 1.55 0.00 0.39 0.65 0.94 0.96 0.55 0.99 0.99 0.58 0.95 1.55 1.45 0.80 1.40 1.03 1.16 0.90
0.68 0.86 1.62 0.39 0.00 0.69 1.28 0.56 0.26 1.43 1.50 0.19 1.05 1.57 1.33 0.80 0.94 1.09 1.46 1.02
1.17 1.59 1.39 0.65 0.69 0.00 1.18 1.00 0.69 1.25 0.59 0.90 1.28 0.86 0.67 1.60 1.11 0.58 1.14 1.07
1.44 0.50 0.57 0.94 1.28 1.18 0.00 1.33 1.01 1.11 0.71 1.03 1.29 0.94 1.42 0.75 1.57 1.02 1.06 0.48
0.98 1.17 1.01 0.96 0.56 1.00 1.33 0.00 0.36 1.07 1.71 0.54 1.29 1.39 1.12 0.54 0.78 0.46 0.87 1.25
0.93 1.08 1.38 0.55 0.26 0.69 1.01 0.36 0.00 1.15 1.39 0.25 1.62 1.55 1.35 0.78 1.03 0.84 0.98 1.25
0.87 1.32 1.05 0.99 1.43 1.25 1.11 1.07 1.15 0.00 0.81 1.53 1.18 0.86 1.22 0.88 0.72 1.15 0.19 1.29
1.47 1.33 1.03 0.99 1.50 0.59 0.71 1.71 1.39 0.81 0.00 1.38 1.16 0.49 0.67 1.63 1.46 1.03 0.69 0.80
1.07 0.73 1.39 0.58 0.19 0.90 1.03 0.54 0.25 1.53 1.38 0.00 1.24 1.60 1.23 0.77 1.32 1.06 1.26 0.96
0.90 0.62 0.82 0.95 1.05 1.28 1.29 1.29 1.62 1.18 1.16 1.24 0.00 0.96 0.92 0.87 0.91 1.27 1.48 0.80
1.10 1.51 0.57 1.55 1.57 0.86 0.94 1.39 1.55 0.86 0.49 1.60 0.96 0.00 0.82 1.27 0.73 1.03 0.82 0.58
1.14 1.44 1.03 1.45 1.33 0.67 1.42 1.12 1.35 1.22 0.67 1.23 0.92 0.82 0.00 1.80 1.03 0.65 0.97 1.45
1.02 0.47 0.68 0.80 0.80 1.60 0.75 0.54 0.78 0.88 1.63 0.77 0.87 1.27 1.80 0.00 0.96 1.05 1.00 0.63
0.19 1.40 1.03 1.40 0.94 1.11 1.57 0.78 1.03 0.72 1.46 1.32 0.91 0.73 1.03 0.96 0.00 1.19 1.00 1.32
1.48 1.32 0.81 1.03 1.09 0.58 1.02 0.46 0.84 1.15 1.03 1.06 1.27 1.03 0.65 1.05 1.19 0.00 0.89 1.09
1.25 1.49 0.96 1.16 1.46 1.14 1.06 0.87 0.98 0.19 0.69 1.26 1.48 0.82 0.97 1.00 1.00 0.89 0.00 1.28
1.34 0.68 0.71 0.90 1.02 1.07 0.48 1.25 1.25 1.29 0.80 0.96 0.80 0.58 1.45 0.63 1.32 1.09 1.28 0.00
