0.0 0.48936170212765956 0.5815602836879432 0.3232016210739615 0.3333333333333333 0.6423505572441742 0.48226950354609927 0.6322188449848024
0.48936170212765956 0.0 0.3090172239108409 0.3059777102330294 0.574468085106383 0.47720364741641336 0.46504559270516715 0.46200607902735563
0.5815602836879432 0.3090172239108409 0.0 0.48328267477203646 0.6403242147923 0.3069908814589666 0.5653495440729484 0.30192502532928067
0.3232016210739615 0.3059777102330294 0.48328267477203646 0.0 0.48834853090172237 0.5866261398176292 0.3049645390070922 0.5582573454913881
0.3333333333333333 0.574468085106383 0.6403242147923 0.48834853090172237 0.0 0.6818642350557245 0.5866261398176292 0.6767983789260384
0.6423505572441742 0.47720364741641336 0.3069908814589666 0.5866261398176292 0.6818642350557245 0.0 0.6028368794326241 0.47011144883485306
0.48226950354609927 0.46504559270516715 0.5653495440729484 0.3049645390070922 0.5866261398176292 0.6028368794326241 0.0 0.6028368794326241
0.6322188449848024 0.46200607902735563 0.30192502532928067 0.5582573454913881 0.6767983789260384 0.47011144883485306 0.6028368794326241 0.0
