24
13
0 6242 2341 6562 3469 2088 3779 2115 3254 6894 2833 4235 8368 5626 5095 3641 5932 3138 2749 8085 1639 5082 8007 1992
6242 0 7095 990 8223 6842 8533 6869 4372 1322 4335 3197 2796 882 1879 8395 1736 3376 5327 2513 4709 2252 2435 4936
2341 7095 0 7415 1824 2155 2134 1446 4107 7747 3686 5088 9221 6479 5948 1996 6785 3991 3602 8938 2492 5935 8860 2845
6562 990 7415 0 8543 7162 8853 7189 4692 1254 4655 3517 2728 1202 2199 8715 2056 3696 5647 2445 5029 2572 2367 5256
3469 8223 1824 8543 0 3283 1944 2574 5235 8875 4814 6216 10349 7607 7076 1806 7913 5119 4730 10066 3620 7063 9988 3973
2088 6842 2155 7162 3283 0 3593 1929 3854 7494 3433 4835 8968 6226 5695 3455 6532 3738 3349 8685 2239 5682 8607 2592
3779 8533 2134 8853 1944 3593 0 2884 5545 9185 5124 6526 10659 7917 7386 1778 8223 5429 5040 10376 3930 7373 10298 4283
2115 6869 1446 7189 2574 1929 2884 0 3881 7521 3460 4862 8995 6253 5722 2746 6559 3765 3376 8712 2266 5709 8634 2619
3254 4372 4107 4692 5235 3854 5545 3881 0 5024 1347 2365 6498 3756 3225 5407 4062 1268 2339 6215 1721 3212 6137 1948
6894 1322 7747 1254 8875 7494 9185 7521 5024 0 4987 3849 2084 1534 2531 9047 2388 4028 5979 1801 5361 2904 1723 5588
2833 4335 3686 4655 4814 3433 5124 3460 1347 4987 0 2328 6461 3719 3188 4986 4025 1231 1918 6178 1300 3175 6100 1527
4235 3197 5088 3517 6216 4835 6526 4862 2365 3849 2328 0 5323 2581 2050 6388 2887 1369 3320 5040 2702 2037 4962 2929
8368 2796 9221 2728 10349 8968 10659 8995 6498 2084 6461 5323 0 3008 4005 10521 3862 5502 7453 1353 6835 4378 841 7062
5626 882 6479 1202 7607 6226 7917 6253 3756 1534 3719 2581 3008 0 1263 7779 1120 2760 4711 2725 4093 1636 2647 4320
5095 1879 5948 2199 7076 5695 7386 5722 3225 2531 3188 2050 4005 1263 0 7248 1569 2229 4180 3722 3562 1105 3644 3789
3641 8395 1996 8715 1806 3455 1778 2746 5407 9047 4986 6388 10521 7779 7248 0 8085 5291 4902 10238 3792 7235 10160 4145
5932 1736 6785 2056 7913 6532 8223 6559 4062 2388 4025 2887 3862 1120 1569 8085 0 3066 5017 3579 4399 1942 3501 4626
3138 3376 3991 3696 5119 3738 5429 3765 1268 4028 1231 1369 5502 2760 2229 5291 3066 0 2223 5219 1605 2216 5141 1832
2749 5327 3602 5647 4730 3349 5040 3376 2339 5979 1918 3320 7453 4711 4180 4902 5017 2223 0 7170 1216 4167 7092 1443
8085 2513 8938 2445 10066 8685 10376 8712 6215 1801 6178 5040 1353 2725 3722 10238 3579 5219 7170 0 6552 4095 992 6779
1639 4709 2492 5029 3620 2239 3930 2266 1721 5361 1300 2702 6835 4093 3562 3792 4399 1605 1216 6552 0 3549 6474 459
5082 2252 5935 2572 7063 5682 7373 5709 3212 2904 3175 2037 4378 1636 1105 7235 1942 2216 4167 4095 3549 0 4017 3776
8007 2435 8860 2367 9988 8607 10298 8634 6137 1723 6100 4962 841 2647 3644 10160 3501 5141 7092 992 6474 4017 0 6701
1992 4936 2845 5256 3973 2592 4283 2619 1948 5588 1527 2929 7062 4320 3789 4145 4626 1832 1443 6779 459 3776 6701 0
