0	78	106	71	132	93	177	175	124	83	136	105	61	169	93	156	62	24	176	47	160	142	150	44	162	68	59	53	167	44	29	114
78	0	42	37	198	159	243	111	190	149	72	171	127	235	29	222	128	72	242	113	96	208	86	62	98	134	125	37	103	48	95	50
106	42	0	65	226	187	271	87	218	177	48	199	155	263	33	250	156	100	270	141	72	236	62	90	74	162	153	65	79	76	123	26
71	37	65	0	191	152	236	134	183	142	95	164	120	228	52	215	121	65	235	106	119	201	109	55	121	127	118	30	126	41	88	73
132	198	226	191	0	55	65	295	38	75	256	41	89	57	213	44	80	144	64	115	280	30	270	164	282	74	97	173	287	164	127	234
93	159	187	152	55	0	100	256	47	36	217	28	50	92	174	79	41	105	99	76	241	65	231	125	243	35	58	134	248	125	88	195
177	243	271	236	65	100	0	340	83	120	301	86	134	32	258	49	125	189	27	160	325	47	315	209	327	119	142	218	332	209	172	279
175	111	87	134	295	256	340	0	287	246	63	268	224	332	102	319	225	169	339	210	31	305	49	159	43	231	222	134	20	145	192	71
124	190	218	183	38	47	83	287	0	67	248	33	81	75	205	62	72	136	82	107	272	48	262	156	274	66	89	165	279	156	119	226
83	149	177	142	75	36	120	246	67	0	207	48	40	112	164	99	31	95	119	66	231	85	221	115	233	25	48	124	238	115	78	185
136	72	48	95	256	217	301	63	248	207	0	229	185	293	63	280	186	130	300	171	48	266	38	120	50	192	183	95	55	106	153	32
105	171	199	164	41	28	86	268	33	48	229	0	62	78	186	65	53	117	85	88	253	51	243	137	255	47	70	146	260	137	100	207
61	127	155	120	89	50	134	224	81	40	185	62	0	126	142	113	19	73	133	44	209	99	199	93	211	25	26	102	216	93	56	163
169	235	263	228	57	92	32	332	75	112	293	78	126	0	250	41	117	181	31	152	317	39	307	201	319	111	134	210	324	201	164	271
93	29	33	52	213	174	258	102	205	164	63	186	142	250	0	237	143	87	257	128	87	223	77	77	89	149	140	52	94	63	110	41
156	222	250	215	44	79	49	319	62	99	280	65	113	41	237	0	104	168	48	139	304	26	294	188	306	98	121	197	311	188	151	258
62	128	156	121	80	41	125	225	72	31	186	53	19	117	143	104	0	74	124	45	210	90	200	94	212	16	27	103	217	94	57	164
24	72	100	65	144	105	189	169	136	95	130	117	73	181	87	168	74	0	188	59	154	154	144	38	156	80	71	47	161	38	41	108
176	242	270	235	64	99	27	339	82	119	300	85	133	31	257	48	124	188	0	159	324	46	314	208	326	118	141	217	331	208	171	278
47	113	141	106	115	76	160	210	107	66	171	88	44	152	128	139	45	59	159	0	195	125	185	79	197	51	42	88	202	79	42	149
160	96	72	119	280	241	325	31	272	231	48	253	209	317	87	304	210	154	324	195	0	290	34	144	28	216	207	119	23	130	177	56
142	208	236	201	30	65	47	305	48	85	266	51	99	39	223	26	90	154	46	125	290	0	280	174	292	84	107	183	297	174	137	244
150	86	62	109	270	231	315	49	262	221	38	243	199	307	77	294	200	144	314	185	34	280	0	134	36	206	197	109	41	120	167	46
44	62	90	55	164	125	209	159	156	115	120	137	93	201	77	188	94	38	208	79	144	174	134	0	146	100	91	37	151	28	61	98
162	98	74	121	282	243	327	43	274	233	50	255	211	319	89	306	212	156	326	197	28	292	36	146	0	218	209	121	35	132	179	58
68	134	162	127	74	35	119	231	66	25	192	47	25	111	149	98	16	80	118	51	216	84	206	100	218	0	33	109	223	100	63	170
59	125	153	118	97	58	142	222	89	48	183	70	26	134	140	121	27	71	141	42	207	107	197	91	209	33	0	100	214	91	54	161
53	37	65	30	173	134	218	134	165	124	95	146	102	210	52	197	103	47	217	88	119	183	109	37	121	109	100	0	126	23	70	73
167	103	79	126	287	248	332	20	279	238	55	260	216	324	94	311	217	161	331	202	23	297	41	151	35	223	214	126	0	137	184	63
44	48	76	41	164	125	209	145	156	115	106	137	93	201	63	188	94	38	208	79	130	174	120	28	132	100	91	23	137	0	61	84
29	95	123	88	127	88	172	192	119	78	153	100	56	164	110	151	57	41	171	42	177	137	167	61	179	63	54	70	184	61	0	131
114	50	26	73	234	195	279	71	226	185	32	207	163	271	41	258	164	108	278	149	56	244	46	98	58	170	161	73	63	84	131	0
